time,x,y,z,phi,theta,psi,x_velocity,y_velocity,z_velocity,phi_velocity,theta_velocity,psi_velocity,rotor_speed1,rotor_speed2,rotor_speed3,rotor_speed4
0.06,1.27080696444e-07,2.19912816984e-07,10.0109624893,0.000166686947896,6.28296439638,0.0,1.80603543443e-05,1.98284000811e-05,0.36537177703,0.00782456463137,-0.0123085977332,0.0,514.6484001970632,513.7766874594619,514.0311484074086,514.5851862242283
0.12000000000000001,6.98549787817e-06,5.56074019207e-06,10.03186857,0.000467518535194,6.28244559313,0.0,0.000261520572756,0.000190425927419,0.331508383226,-0.00130190975034,-0.00217814944627,0.0,391.8989245438644,392.83936297080066,392.6115225954725,391.763908557695
0.18,3.79560089985e-05,2.60791345026e-05,10.0540347809,0.000464307513147,6.28198493253,0.0,0.000796714510453,0.000489615047277,0.407340763377,0.00233334746332,-0.0219270450102,0.0,430.2134627105929,428.5383939416069,429.0559000106352,429.36437316177955
0.23999999999999996,0.000118771407995,6.66355306628e-05,10.0836140187,0.000608833431002,6.28040602542,0.0,0.00205779966662,0.000878242465777,0.578561975761,0.00255918696088,-0.0369774155049,0.0,459.1944911730447,457.9990557963302,459.67778847231784,459.6956316733638
0.3,0.000320333901264,0.000134932779483,10.1252801449,0.000454252735477,6.27850588869,0.0,0.00490866767898,0.00140152291307,0.810172524988,-0.0155944344824,-0.0227424335476,0.0,476.2561531788084,477.34319887274086,478.3212984986024,476.9370517899907
0.36000000000000004,0.000720637079187,0.000226207260196,10.1776686718,0.000315445513503,6.2768148192,0.0,0.00859263617998,0.00159284603709,0.936015884108,0.0159546804936,-0.0422316784747,0.0,446.76336063010143,445.17140130053144,444.16389493643476,446.74349900817816
0.4200000000000001,0.00138718335602,0.000332549681979,10.238232663,0.0010771633531,6.27406089263,0.0,0.0139112695485,0.00204648973663,1.08265396703,0.00521558364739,-0.054480680601,0.0,453.1431336276687,452.15628497230995,452.5003094810693,451.63496612499966
0.48000000000000015,0.00248901692437,0.000486468201877,10.3130307284,0.00107188682739,6.27106180273,0.0,0.0232366931833,0.00310864281556,1.41026557792,-0.0136672590207,-0.0422438136818,0.0,504.12801126439035,505.01004601036976,506.42285315103067,505.06297114682525
0.5400000000000001,0.004145119878,0.000692484157307,10.4008145341,0.000560215502605,6.2688566385,0.0,0.0322068269807,0.00369160951292,1.51572396538,0.000158193914831,-0.027567817502,0.0,440.2301276168505,441.44202233464307,439.8294878595139,440.97302764486477
0.6000000000000002,0.00642936962328,0.000927511278939,10.498133511,0.000170331991061,6.26705191148,0.0,0.0441349143636,0.00412623998024,1.7279424809,-0.025147390061,-0.0356432193748,0.0,473.670530157803,473.04891402863285,474.40604301922343,472.45923535216065
0.6600000000000003,0.00939974341921,0.00117288786465,10.6037063047,6.28173170461,6.26565073075,0.0,0.0550397113724,0.00390207090701,1.7910506281,-0.0312073608338,-0.00606563555518,0.0,426.3885852112039,428.907581349071,428.6686425558786,428.1532055047269
0.7200000000000003,0.0131117383198,0.00136776732812,10.7167799746,6.28127094156,6.26492034963,0.0,0.0687459358593,0.00248425476509,1.9777661068,0.0186558766379,-0.028630521285,0.0,467.4261595101572,465.6645586209104,464.8806643043609,468.77117744663576
0.7800000000000004,0.0175613160992,0.00148690592389,10.835269501,6.28212865816,6.26324663816,0.0,0.0797197616424,0.00157397307719,1.97189186346,0.00371390367869,-0.0264638841538,0.0,405.5812285982979,405.7754833418962,406.86046307169534,405.5204677964307
0.8400000000000004,0.0228546459837,0.00155568782701,10.9611619653,6.28231766728,6.26199824774,0.0,0.0968893814399,0.000744892260517,2.22406401065,0.00199803239608,-0.0113869589413,0.0,486.4324062386658,487.5600943076898,485.92498454866234,485.79628435234997
0.9000000000000005,0.0291251938241,0.00158224889868,11.0983958559,6.28205282775,6.26113795173,0.0,0.112204154021,0.000138133375799,2.35014590169,-0.0220631489346,-0.0210127849791,0.0,449.8594051745987,449.0794251195721,451.27047135768504,449.3241821477657
0.9600000000000005,0.0363349746214,0.00156137439659,11.2431923558,6.28106062383,6.25939252775,0.0,0.1282647657,-0.000954214351097,2.47613527704,-0.0073005909176,-0.0546958494839,0.0,451.8531389720528,449.12915100940234,449.7030146032211,450.8972490120622
1.0200000000000005,0.0446058625543,0.00145211884432,11.3976677224,6.28025652382,6.25594307837,0.0,0.147811022277,-0.00275390724384,2.67259409622,-0.0298349304004,-0.063763417623,0.0,471.99026528339476,471.28786016415063,473.72771247955563,471.9919145827277
1.0800000000000005,0.0540664183868,0.00121776371794,11.5615416748,6.27831588371,6.25186231523,0.0,0.16794407665,-0.00525132370816,2.78957837462,-0.0379036187847,-0.0782568000367,0.0,449.81000689338305,448.6312534711398,449.3977390271955,448.7428548563542
1.1400000000000006,0.0648387392878,0.000788444103819,11.7328684459,6.27613516834,6.24680752671,0.0,0.191637982633,-0.00929481031717,2.92096640728,-0.0333983669139,-0.100245045916,0.0,455.3485232467969,453.58021570223707,453.7887039533878,454.14963351992947
1.2000000000000006,0.0771118418767,7.78159352356e-05,11.9111338209,6.27450627242,6.24039204926,0.0,0.218083727067,-0.0145735809785,3.02092434491,-0.0169141778968,-0.125645437744,0.0,446.20870659406165,444.1197937851248,444.58232250198563,445.9306926708194
1.2600000000000007,0.0911632937898,-0.000990436941243,12.096592952,6.27350888405,6.23252890986,0.0,0.251108193223,-0.0211396107765,3.16062662134,-0.0160473551733,-0.144961350169,0.0,458.4433051346846,456.89038152952173,458.5282500990502,458.59720329932895
1.3200000000000007,0.107484223042,-0.00249505666234,12.2925759849,6.27280264759,6.22446307405,0.0,0.293876341479,-0.0291053073849,3.37148160624,-0.00435621325222,-0.119003512101,0.0,479.2173139575333,481.17074026861286,479.709919643572,480.596998134406
1.3800000000000008,0.126661550576,-0.00450943912527,12.5029082115,6.27213671492,6.21729042736,0.0,0.346224570116,-0.0380833082144,3.63871415676,-0.0301119354179,-0.120646756019,0.0,498.8570633657991,498.7258910567903,497.35019803525336,495.46027433146327
1.4400000000000008,0.149238473097,-0.00709950892437,12.7303667378,6.27001455702,6.21029227278,0.0,0.407209312816,-0.0484955477024,3.94215877616,-0.0487878570765,-0.109632137116,0.0,509.46890293857484,510.2455168542341,509.5512649661379,508.2139321459746
1.5000000000000009,0.17494806075,-0.010244615412,12.9664497198,6.26769766225,6.20411424851,0.0,0.450318788689,-0.056559643456,3.92726744601,-0.0235721702383,-0.092183730984,0.0,414.6302753802233,416.15027634401,413.7426124026749,415.95590659555324
1.560000000000001,0.203210116045,-0.0138822877253,13.1999215996,6.26617757135,6.19815801752,0.0,0.492201823469,-0.0648113281552,3.85532242839,-0.0291157836365,-0.119771353001,0.0,396.23099160826547,393.675934299632,396.09370638699306,395.5833042619208
1.620000000000001,0.234438323288,-0.0181107400709,13.433183923,6.26437768349,6.1908348537,0.0,0.549417374391,-0.0763032857427,3.91978326942,-0.0318236129928,-0.127052428781,0.0,441.0351273811104,440.41964069443736,440.8838769918372,440.6597834532671
1.680000000000001,0.269369412953,-0.0230898752063,13.6716310356,6.26232208854,6.18298604003,0.0,0.615709425643,-0.0898626981469,4.02797133737,-0.0396406317034,-0.139649091011,0.0,455.4327078787902,454.4085976734109,455.61409381894237,454.9881762824636
1.740000000000001,0.308141636692,-0.028863724099,13.9135856496,6.2599939837,6.1746614002,0.0,0.67742901757,-0.102804270316,4.03703980125,-0.0371750575839,-0.136994560604,0.0,425.11692499195345,425.3255317806454,423.67030045598676,423.8814304834947
1.8000000000000012,0.351422141242,-0.0355951565657,14.1620105139,6.25731723337,6.16633610902,0.0,0.76613738837,-0.121835565211,4.24288857564,-0.0667895867293,-0.142526234198,0.0,486.3102029513033,485.8795730249891,486.2907021387136,484.06594376393235
1.8600000000000012,0.399876083705,-0.0434618166918,14.4198364096,6.25333642493,6.15728533641,0.0,0.849833691588,-0.140783260786,4.35073608639,-0.065476061318,-0.177859893477,0.0,459.8848959212246,457.05549490856464,457.94594381048785,458.04729365049093
1.9200000000000013,0.453459641483,-0.0525266756908,14.6834211118,6.24920915455,6.14734834739,0.0,0.937252039267,-0.161763160195,4.43489494497,-0.0764024856378,-0.14839305201,0.0,451.12536579992303,453.4722216065058,452.39955420547915,451.51527886603384
1.9800000000000013,0.513135640879,-0.0630993373976,14.9567440502,6.24474148239,6.13820331695,0.0,1.0529051032,-0.191172010226,4.67466708239,-0.0708386909209,-0.161995967045,0.0,500.3791155392916,499.36853473242303,498.7418327493539,499.14438222344563
2.0400000000000014,0.579888910985,-0.0755204976933,15.2437954904,6.24003805512,6.12865145806,0.0,1.17319995383,-0.223345585707,4.8925207009,-0.101125606266,-0.154124301306,0.0,494.0839612555419,494.64272993732953,497.80971217524177,495.5837142579608
2.1000000000000014,0.654257020675,-0.0900396831554,15.5449510132,6.23437982143,6.11959035869,0.0,1.30667669867,-0.261291119895,5.14456800721,-0.083313310577,-0.145441793271,0.0,507.6866466760359,508.2909156649454,506.4192213673879,507.69248755472444
2.1600000000000015,0.73600864047,-0.106718403514,15.8560951013,6.22983925217,6.11119398705,0.0,1.41913632201,-0.295105275503,5.22625521249,-0.063636146332,-0.130746045472,0.0,459.20999470960516,460.3567970902205,460.0308314651418,461.5820826097839
2.2200000000000015,0.825621877471,-0.125804797553,16.1775226175,6.22613391442,6.10337897896,0.0,1.5687043206,-0.341496617398,5.48643170106,-0.0582389512618,-0.129277325509,0.0,514.1757147178853,514.2667431274967,513.1728428225387,513.5536762752554
2.2800000000000016,0.922914638266,-0.147296618476,16.506396086,6.22235725281,6.09555579005,0.0,1.67502786949,-0.375195585754,5.47580375371,-0.0745734823081,-0.132699973065,0.0,435.0309214930084,434.7281717560537,436.82008415047136,435.4524749154705
2.3400000000000016,1.02717895921,-0.171025217868,16.8369952447,6.2176558742,6.08762429877,0.0,1.80111424827,-0.416163497512,5.54351239843,-0.0872575565363,-0.13119458971,0.0,460.4572833060987,460.5609869089103,461.9806693004022,460.974552741132
2.4000000000000017,1.1400899017,-0.19761399191,17.1762683394,6.21185487489,6.08031304102,0.0,1.96321012147,-0.470670565465,5.76407339043,-0.132777461403,-0.107764156122,0.0,507.32578944177016,508.9938755514839,508.6072047063184,505.3281700192313
2.4600000000000017,1.26179355378,-0.227238114195,17.5234266815,6.20368638985,6.07454204175,0.0,2.09403740972,-0.517516099585,5.80730045076,-0.143890118519,-0.0796316280057,0.0,456.542026549059,458.7735890690463,458.4258905463597,457.52519694557884
2.520000000000002,1.39037201318,-0.259419358604,17.8681118177,6.19510776937,6.06966795848,0.0,2.19231683214,-0.555818317909,5.68257842847,-0.141212645881,-0.0846485223392,0.0,402.7901832839911,402.3300022397916,403.10207026378924,403.32265800419185
2.580000000000002,1.52533959838,-0.294193287609,18.207261722,6.1869837903,6.06533588548,0.0,2.30695880459,-0.60396611415,5.62241689473,-0.125771995402,-0.0547616132403,0.0,423.262641684854,425.822862863539,423.90984498910456,425.2168462997491
2.640000000000002,1.66691948117,-0.331838438534,18.541331026,6.18052760542,6.06204883706,0.0,2.41264608909,-0.65139384621,5.51351602406,-0.0850851492711,-0.0548292143179,0.0,407.54972309543115,407.54137507083345,405.85342676767897,409.47729408822926
2.700000000000002,1.81640807014,-0.373117515915,18.8755959664,6.17507968531,6.05878067096,0.0,2.57041880421,-0.725031305623,5.6277235641,-0.105787228601,-0.0537596844896,0.0,479.3881019853299,479.4676391102017,480.774285077729,479.19643022296066
2.760000000000002,1.97422027267,-0.418360927264,19.211469975,6.16889655312,6.05586356064,0.0,2.69019808291,-0.783581305209,5.56808470029,-0.0980812597779,-0.0399325810067,0.0,425.4744163610561,426.6552202365562,425.83121348673455,426.48028445790067
2.820000000000002,2.13971893035,-0.467444993672,19.5457515115,6.16377677823,6.05399658348,0.0,2.82648752697,-0.853002207969,5.57429957437,-0.0675885942428,-0.0176311899952,0.0,447.788135524091,449.59860588833743,445.92081703915113,448.39891059133976
2.880000000000002,2.31361541268,-0.520884815309,19.8812606844,6.16036163791,6.05287035596,0.0,2.96999590208,-0.928619022261,5.60888834417,-0.0413322744012,-0.0211521376339,0.0,457.272492224002,456.99192932902685,457.2000587374874,459.2853032481491
2.940000000000002,2.49602862147,-0.578868264242,20.2184108925,6.15843006136,6.05121571999,0.0,3.11041637603,-1.0043206261,5.62908049493,-0.0183275530303,-0.0452735799203,0.0,454.7671981854773,452.83026323741404,453.3775302727426,455.22202236350347
3.000000000000002,2.68692309038,-0.641444893434,20.556915796,6.15740550698,6.04843853796,0.0,3.25281601202,-1.08161916941,5.65398319721,-0.0146834140112,-0.0483923383358,0.0,456.12868934958175,455.8782937240245,456.6083371043161,456.8991122183153
3.0600000000000023,2.88762499027,-0.709321984584,20.901988209,6.15668306454,6.0462460341,0.0,3.43712899926,-1.1808778746,5.84703143777,-0.00721955934057,-0.0197037670257,0.0,506.51473328809834,508.5735074759844,508.2026407361984,508.73758662018315
3.1200000000000023,3.098725783,-0.78281231271,21.2558132411,6.15598107322,6.04474885464,0.0,3.59940168873,-1.26876198071,5.94629120855,-0.0226425985443,-0.0383458921641,0.0,484.3123040470398,482.9077369026636,483.26345398483164,482.0993850388548
3.1800000000000024,3.31885620029,-0.861218438626,21.6126425588,6.15421675435,6.04225335088,0.0,3.73832508587,-1.34488138093,5.94769245048,-0.0484987917654,-0.0490332605455,0.0,455.2988269095901,454.44184686573254,455.21891929019915,453.14429422533476
3.2400000000000024,3.54686681353,-0.943977387214,21.967605605,6.15149178601,6.04002934423,0.0,3.86214814546,-1.41399163588,5.88444514599,-0.03987271178,-0.0201100513859,0.0,432.36367957222603,434.7934028185307,434.1462407667174,434.86832776025733
3.3000000000000025,3.78299547647,-1.03128755277,22.3214766882,6.14874243203,6.03884982423,0.0,4.00869470026,-1.4965364856,5.91079301916,-0.0616808878101,-0.018770910258,0.0,463.4981868549044,463.60349885197496,463.4868386740703,461.76800112553525
3.3600000000000025,4.02695551523,-1.12309055079,22.6731103711,6.14541524655,6.03737945675,0.0,4.12335872688,-1.56387632666,5.81061250294,-0.0452513859532,-0.0395847959832,0.0,423.1769950895141,421.3808342599492,421.7132858013892,423.1281102175925
3.4200000000000026,4.27814049336,-1.21917226342,23.0200811045,6.14292224818,6.0349044697,0.0,4.24955663126,-1.63907395091,5.75505548841,-0.0350211909527,-0.0448059769723,0.0,436.494538517861,436.0575403955163,437.19717560811665,438.0479636818811
3.4800000000000026,4.53707819956,-1.319898038,23.3643484121,6.1412747807,6.03173332886,0.0,4.38178749778,-1.71860809982,5.72036097937,-0.015506570212,-0.0782656544616,0.0,445.1706018530327,442.42130361719046,443.29327537861735,444.8941203386011
3.5400000000000027,4.80454794941,-1.42573295174,23.7086798077,6.14012328485,6.02688426641,0.0,4.53405606074,-1.80925280118,5.7566830739,-0.0278256966058,-0.0864807989993,0.0,466.84781843735755,466.2012564884091,468.3884477530538,467.42922065122497
3.6000000000000028,5.07928798956,-1.53598194888,24.0478830972,6.13888803112,6.02165791127,0.0,4.62435958151,-1.86594354207,5.55089802846,-0.00905026063697,-0.0883855151077,0.0,386.20124543282736,386.01395331554187,383.76563077387834,385.5441365948854
3.660000000000003,5.36175740595,-1.65086723552,24.3831027431,6.13784404247,6.01615948049,0.0,4.79148087046,-1.96353567739,5.62216404938,-0.0446697456789,-0.0991024698819,0.0,477.9637975816384,477.1396595505667,479.75864552799584,477.0458197465842
3.720000000000003,5.65448659524,-1.77171681927,24.7230905521,6.13481627149,6.01027344002,0.0,4.9663701236,-2.06493850014,5.70963222232,-0.0657455881947,-0.0961702475798,0.0,484.7822502822488,484.9952046140792,485.73520539230833,484.15020872919797
3.780000000000003,5.95713414903,-1.8983652046,25.0659313506,6.13060904637,6.00434382899,0.0,5.12213318456,-2.15697208956,5.71772195723,-0.080737803268,-0.104748828424,0.0,462.3309845041324,461.64637842474804,463.70760692325285,462.5244515020669
3.840000000000003,6.26870294922,-2.03034722777,25.4074787108,6.12549260549,5.99861501134,0.0,5.26379374209,-2.24281473051,5.66685926115,-0.0963778626164,-0.0814707543503,0.0,443.6639677838688,445.56357678573755,445.66846759237245,444.38182263104954
3.900000000000003,6.58991112992,-2.16814970295,25.7495713206,6.11981949189,5.99426731837,0.0,5.44317157042,-2.35102850356,5.73512263744,-0.0911318903445,-0.0587525658785,0.0,482.70619263311823,484.4141789130723,483.4511878700903,483.8395918407765
3.960000000000003,6.9204695114,-2.31175610361,26.0908806691,6.1150438293,5.99081835942,0.0,5.57556850046,-2.43627548512,5.64187412563,-0.0630860057731,-0.0550576209862,0.0,433.7093005041043,434.0172513082279,431.973282036698,434.32691640102377
4.020000000000002,7.25996168997,-2.46109356351,26.4297571024,6.11159633515,5.98748716339,0.0,5.74079009966,-2.54190513548,5.65334876168,-0.0480827148287,-0.0564605913656,0.0,468.08454470532905,467.9734136130846,467.5375470860649,468.7031758287534
4.080000000000001,7.60861251491,-2.61639941542,26.7667859238,6.10887390652,5.98413555429,0.0,5.88097699122,-2.6352167114,5.58085192468,-0.0404438551887,-0.0546859928173,0.0,441.49139645709425,441.63570160904027,442.0007963070442,442.62886175459914
4.14,7.96624073927,-2.77766573662,27.1012079284,6.10614515718,5.98087070749,0.0,6.03992969215,-2.74052687311,5.56606472793,-0.0581621866585,-0.0538760312163,0.0,461.53412449490133,461.5962146649939,461.6464197551273,460.2446022816735
4.199999999999998,8.33283078937,-2.94497652212,27.4328570635,6.10253154528,5.97784121879,0.0,6.17977775277,-2.8368227777,5.48881626544,-0.0647117595535,-0.0444629943394,0.0,441.46376332240334,442.2383677649371,441.66837726992384,441.12509193359244
4.259999999999997,8.70763959548,-3.11803237646,27.7593044139,6.09852359726,5.97508961421,0.0,6.31387579617,-2.93207545946,5.39279800593,-0.0713374950284,-0.0488108586157,0.0,436.7208966843591,436.3567002603348,434.5411030518225,433.98168789684524
4.319999999999996,9.09143136851,-3.29741908627,28.0828678698,6.09422493435,5.97271686301,0.0,6.47902554134,-3.04781927021,5.39201967029,-0.0722649902738,-0.025534793232,0.0,465.51418761022745,467.3316772832008,467.76839072841307,467.6924693553205
4.379999999999995,9.48559217882,-3.48411420733,28.4077943131,6.09016614847,5.97079501258,0.0,6.65932201654,-3.17565829361,5.43794379796,-0.0597241512698,-0.0500127715188,0.0,483.5234691571206,481.67495833984486,483.2236860150823,484.1653006178391
4.439999999999993,9.89002590121,-3.67824756921,28.7338154678,6.0868247843,5.96754827336,0.0,6.82168304513,-3.29572530179,5.42880951682,-0.0486456467328,-0.0639194461525,0.0,469.1396552069565,468.0564548866457,466.3585143316674,467.22132733387735
4.499999999999992,10.3027935122,-3.87880606548,29.0550018789,6.08417126255,5.9632412069,0.0,6.93742596817,-3.3899085574,5.27774563086,-0.0365970023794,-0.0961690817431,0.0,422.49713152296346,419.7016431756454,420.09092109986796,421.13347717414246
4.559999999999991,10.7238733393,-4.08586840672,29.3710778572,6.08268117533,5.95731743604,0.0,7.09869400443,-3.51229552299,5.25744216594,-0.00808672038634,-0.104412328451,0.0,464.95311888057523,464.2987056487464,464.06012030864844,466.2931559069763
4.6199999999999894,11.1524398123,-4.2989883673,29.6793936254,6.08227096538,5.95092557179,0.0,7.18731702738,-3.59202544787,5.02061521412,-0.00444736738933,-0.111142092937,0.0,389.26660620518726,388.62432599975574,390.02256144204824,390.3625510195217
4.679999999999988,11.5877932327,-4.51774923331,29.9775635634,6.08222786019,5.94500300406,0.0,7.32471514785,-3.70012593726,4.91828651282,0.00585543862174,-0.0812876803189,0.0,436.4825224473136,438.9586884980401,435.8510893819386,436.71160716661166
4.739999999999987,12.0327999394,-4.74379413596,30.2733839474,6.08284028639,5.94044004679,0.0,7.50875000817,-3.83462054199,4.94151166835,0.0177345816349,-0.0672257778404,0.0,478.7415690015222,479.8064474343729,478.0362215211256,478.9407008111607
4.799999999999986,12.4903734021,-4.97875061232,30.5746707816,6.08395162969,5.93599345304,0.0,7.74328371647,-3.99692296894,5.09956996053,0.0200531149487,-0.0937156527178,0.0,522.7770910429523,520.9238807200855,521.5554221540258,521.7172568310549
4.859999999999984,12.9591680853,-5.22186169501,30.8775634304,6.08507083144,5.93012709637,0.0,7.88339772069,-4.10684373449,4.99679717227,0.0156958486867,-0.107451695429,0.0,443.67708275016474,442.5391547350875,443.09579450972075,442.73726242811404
4.919999999999983,13.4356355835,-5.47116873534,31.1722158886,6.08646099723,5.92379125889,0.0,7.99919941448,-4.20356447153,4.82535325411,0.0350074208333,-0.102127709882,0.0,419.147075419569,419.59918997133394,417.3627267694415,419.0455323682559
4.979999999999982,13.9209986264,-5.72728283024,31.4615561089,6.08912647696,5.91821099323,0.0,8.1795705032,-4.33339409789,4.81858247497,0.05861168754,-0.0791637653914,0.0,472.597079794492,474.3573354739928,474.47872530331284,476.28890053007143
5.0399999999999805,14.4151081271,-5.9901087065,31.7450557953,6.09267232766,5.9137733781,0.0,8.291000286,-4.42758550439,4.63209303456,0.0600514670424,-0.065186581374,0.0,412.8732522922132,414.1002548575086,413.9286685220498,414.05812478749834
