time,x,y,z,phi,theta,psi,x_velocity,y_velocity,z_velocity,phi_velocity,theta_velocity,psi_velocity,rotor_speed1,rotor_speed2,rotor_speed3,rotor_speed4,episode,total_reward
0.9600000000000005,-2.20004786215,0.593657615075,0.0,1.87100034631,3.01040028962,0.0,-5.89554573549,1.71085802778,-3.36879626619,-25.3234177492,3.7543806331,0.0,221.652647836,247.278301012,816.618452283,256.107962775,1,48.0
0.9600000000000005,-2.18559974328,0.563555376744,0.0,2.0227978396,3.0185402901,0.0,-5.8711440357,1.72521946947,-3.47988649449,-25.4515463991,3.80998084344,0.0,217.808713186,244.934867855,820.364370933,253.984659462,2,48.0
0.9000000000000005,-1.83697907534,0.379179063121,0.0,5.77004331396,2.95627100691,0.0,-5.44516159211,0.461320752933,-4.54217260619,-19.4335958682,4.59167773128,0.0,303.456754791,347.055201901,639.653507865,332.196705118,3,45.0
0.9000000000000005,-1.84167712187,0.365607327852,0.0,5.76991702766,2.94566131176,0.0,-5.46292106641,0.442918763213,-4.51200334936,-19.3736915137,4.59010891624,0.0,303.390165849,348.428260842,638.498199597,333.142280946,4,45.0
0.9600000000000005,-2.23590774706,0.272134571016,0.0,4.05610252277,3.06028106603,0.0,-5.91505498803,0.768197871957,-4.25288762269,-19.1614947741,3.4210510901,0.0,254.745880103,231.334577815,799.697737731,503.446435305,5,48.0
1.0200000000000005,-3.2368846342,0.879138983615,0.0,0.597914065622,1.35350353938,0.0,-8.96939872574,1.09075534351,-3.24803817831,-15.593615537,-1.58200512594,0.0,312.30510746,354.111575287,667.282671314,425.614186615,6,51.0
0.7200000000000003,-0.645274685689,1.72038280502,0.0,4.00499590688,1.27347443841,0.0,-4.15430085677,2.42408425955,-1.52725117407,-11.8494514458,-5.5643958078,0.0,378.56401432,215.974300026,796.247572983,653.522608822,7,36.0
0.3,-0.0369203442747,0.466041955362,0.0,1.56051456651,0.198008928973,0.0,-0.412265200622,3.59068186116,-2.88052408713,-9.18093583156,-1.47060678543,0.0,410.193874149,342.181432066,660.585268704,527.486491064,8,15.0
0.23999999999999996,-0.0204813944338,0.258146388771,0.0,2.41938737246,0.264880159356,0.0,-0.334101320404,2.28788078069,-3.43565875005,-8.91368356614,-1.43976556888,0.0,414.209265579,319.540235853,706.306801523,575.339546225,9,12.0
0.23999999999999996,-0.0236279103389,0.205039851715,0.0,2.95636989658,0.32173409135,0.0,-0.414844712801,1.38795321574,-4.2029733917,-9.67382530469,-1.84695946359,0.0,408.108636199,297.74314542,745.803015068,607.64431488,10,12.0
0.23999999999999996,-0.0256284131679,0.120376670548,0.0,3.5096267657,0.358679573474,0.0,-0.477085138706,0.119350916169,-4.44611021961,-10.3602982125,-2.16861703467,0.0,399.088031589,273.54524001,783.299154124,642.634402787,11,12.0
0.23999999999999996,-0.0280807912832,0.0174127563642,0.0,4.1261481336,0.386292243299,0.0,-0.541444368505,-1.25304226655,-3.80680295721,-11.017871481,-2.36730808803,0.0,387.251525768,248.599829424,816.809252106,676.524045355,12,12.0
0.23999999999999996,-0.0292341778045,-0.0548153496644,0.0,4.78920418516,0.385231440643,0.0,-0.573029880527,-1.93162626521,-2.253929068,-11.5981270749,-2.47921061435,0.0,366.553353709,214.662352338,844.644210084,707.510904699,13,12.0
0.36000000000000004,-0.151703407926,-0.340202372722,0.0,4.14874839371,0.244752903344,0.0,-1.41830916219,-3.53513791586,-1.49105073624,-13.8809074063,-4.37593986843,0.0,341.042691185,200.556402999,851.385370117,697.779812535,14,18.0
0.4200000000000001,-0.0262964949262,0.265763151513,0.0,3.57111686489,6.26169670778,0.0,-0.0876595348545,0.711519760038,-2.50949169469,-22.9451127438,-1.45655787777,0.0,207.162011887,56.8859658578,890.587449869,434.479297456,15,21.0
0.23999999999999996,-0.00681975729953,0.111891506679,0.0,2.96427896793,0.0190047587742,0.0,-0.0854985070103,1.15489197469,-3.10447917754,-15.9427159181,-1.36301377539,0.0,336.327706788,272.989149086,797.708760709,490.635073214,16,12.0
0.23999999999999996,-0.0075625026977,0.0940294410267,0.0,3.54478402449,0.0479675857763,0.0,-0.109923456222,0.531677300769,-3.50437732429,-16.3606818719,-1.74729010602,0.0,328.852828061,238.639185762,823.060872078,518.775507686,17,12.0
0.23999999999999996,-0.00245113567127,0.0661180681836,0.0,3.04018170032,0.0407119246423,0.0,-0.0399805717394,0.00744015112446,-4.37036380156,-17.8245531621,-1.5605024098,0.0,314.275720563,203.532165546,841.894433719,552.975813812,18,12.0
0.23999999999999996,-0.00344093545325,0.0999312947864,0.0,2.86177834917,0.026769762548,0.0,-0.0439040153491,0.556491699105,-4.31999178945,-18.1172883715,-1.70978550968,0.0,310.462250817,199.310258749,838.741322566,535.367186365,19,12.0
0.23999999999999996,-0.0123580847557,0.0234936551631,0.0,4.71108898045,0.08602227086,0.0,-0.194000952788,-0.880603008532,-3.00216826563,-17.1191182313,-2.44715537757,0.0,292.720964023,154.25782152,862.49979993,563.082162253,20,12.0
0.23999999999999996,-0.0140825475589,0.0014031175106,0.0,5.21565613547,0.0884740817438,0.0,-0.218484738396,-1.08487780446,-2.50579146521,-17.4679163749,-2.57649115621,0.0,277.349270126,126.27156705,871.927533353,561.475113328,21,12.0
0.23999999999999996,-0.0156144859013,-0.0114575246154,0.0,5.75476053636,0.0810670290092,0.0,-0.233348523448,-1.03365283788,-1.98484867953,-17.842214067,-2.64993560224,0.0,261.9988231,103.669388704,878.887404896,552.62950934,22,12.0
0.3,-0.0204340561658,0.148392946547,0.0,5.99532582832,6.21552024848,0.0,-0.145454156493,1.35175124403,-1.54311900557,-18.6455149296,-3.03026361584,0.0,331.318432063,253.383916353,758.715020717,448.922378858,23,15.0
0.23999999999999996,-0.0127680513389,0.0806072273758,0.0,2.59640238989,6.25491290391,0.0,-0.1194313155,0.839219276663,-3.02941827272,-19.5797309612,-2.24691972944,0.0,296.223995876,219.141188234,818.057987609,413.706311691,24,12.0
0.23999999999999996,-0.0137755907713,0.0606460411353,0.0,3.86119460093,6.2638356225,0.0,-0.124226603478,0.00124995353477,-3.17785282738,-20.4677121179,-2.36544598185,0.0,277.254436101,172.633965784,847.518616529,406.988419458,25,12.0
0.23999999999999996,-0.0148760202907,0.0438367381619,0.0,4.93513668623,6.25375292425,0.0,-0.12250349821,-0.450820435692,-2.65695280788,-21.1536837081,-2.34868853014,0.0,253.25062532,134.102523931,865.244010464,393.110897171,26,12.0
0.23999999999999996,-0.0169403848947,0.0421939569374,0.0,6.05129616671,6.2385692174,0.0,-0.128302408584,-0.256135989475,-1.99939263248,-21.7980132419,-2.2991510711,0.0,227.481273564,99.9944620766,878.234242998,373.653710943,27,12.0
0.23999999999999996,-0.0183468439025,0.0563364569218,0.0,1.08075455721,6.21712081488,0.0,-0.125051751754,0.460251903783,-1.83233998174,-22.4976088257,-2.14261929029,0.0,194.881016251,68.7946844936,888.412144749,345.504978788,28,12.0
0.23999999999999996,-0.0210401461308,0.0680367178794,0.0,5.10397119773,6.2287767837,0.0,-0.14322164165,-0.24204837509,-2.69972936118,-21.2239100298,-2.2014319899,0.0,231.382905255,110.406089335,871.02764443,383.322886227,29,12.0
0.23999999999999996,-0.0247529929317,0.0614932680502,0.0,6.08572456867,6.22095558647,0.0,-0.170029229422,-0.167400884939,-2.17207518014,-21.8075719972,-2.17353426079,0.0,206.568424475,85.728115253,881.182314331,360.337337831,30,12.0
0.23999999999999996,-0.0284684303102,0.0669142451788,0.0,0.782415191128,6.21608662134,0.0,-0.198195812308,0.244080524625,-1.9078470964,-22.3519023903,-2.13985163843,0.0,181.347646587,65.3573004343,887.363419319,329.791854234,31,12.0
0.23999999999999996,-0.033450775376,0.0766961188757,0.0,1.36379598904,6.21822959172,0.0,-0.238916753073,0.517495550633,-1.93999764796,-22.6566549595,-2.14339094148,0.0,163.585194618,53.1397060193,890.56396022,308.601085078,32,12.0
0.23999999999999996,-0.0388858840611,0.0874672815587,0.0,1.88396883827,6.22386248932,0.0,-0.284544990366,0.733641323546,-2.04934691775,-22.9054980451,-2.15894240004,0.0,147.740528561,42.1148714146,893.117373501,293.828106118,33,12.0
0.3,-0.065501959125,0.131334168471,0.0,0.786539735624,6.25872692101,0.0,-0.326324714874,0.916632679671,-1.37942905728,-24.5374749742,-3.40721586774,0.0,301.471393725,93.0282800136,873.133765773,138.83522869,34,15.0
0.3,-0.0782159231084,0.212665778042,0.0,1.69349927939,6.18648746993,0.0,-0.383114691993,1.96194257171,-2.30314544551,-25.0349440903,-3.08662569164,0.0,251.898395758,62.2339056195,883.886714055,120.157754202,35,15.0
0.3,-0.109062642614,0.228405130728,0.0,5.79376670204,0.148658968363,0.0,-0.802288698999,1.66640412463,-1.71590433576,-20.1983670934,-4.35560016211,0.0,327.548074749,160.694519194,818.386742435,487.120259668,36,15.0
0.23999999999999996,-0.0797415526108,0.137413880618,0.0,0.985992739349,0.243940621806,0.0,-0.727572856541,1.55446011255,-2.35305229666,-19.7615836829,-3.50731162477,0.0,334.49938346,121.045926188,842.752121527,565.851927916,37,12.0
0.23999999999999996,-0.0914489299985,0.137310928613,0.0,1.1887616528,0.266461663055,0.0,-0.836411106261,1.53314760873,-2.56490303517,-19.9119733976,-3.60055695315,0.0,329.875605317,108.355486202,849.578604896,568.24486997,38,12.0
0.23999999999999996,-0.103675370921,0.131676115002,0.0,1.55565338059,0.276382398731,0.0,-0.94441949994,1.38096061665,-2.92547062347,-20.2205404848,-3.63108838574,0.0,318.951807662,88.9529621909,860.96116726,568.450112655,39,12.0
0.23999999999999996,-0.117328205455,0.124703807622,0.0,1.84720600648,0.295833193564,0.0,-1.0682967361,1.17606165323,-3.14710123438,-20.4561292234,-3.69539644855,0.0,312.064060899,76.5301768252,867.961745464,566.266868219,40,12.0
0.23999999999999996,-0.133315903004,0.12015243016,0.0,2.01571106793,0.334959736784,0.0,-1.22089819471,1.03002559084,-3.23646803259,-20.5510357687,-3.82152762409,0.0,310.748421843,67.5720446762,871.861762416,567.969853873,41,12.0
0.23999999999999996,-0.151235513626,0.109429292959,0.0,2.36976323176,0.355118325142,0.0,-1.38251167824,0.698225498242,-3.34504468695,-20.7844880173,-3.86766997822,0.0,299.520119784,55.5622617254,878.077537947,565.698499398,42,12.0
0.23999999999999996,-0.19544375388,0.0544507170436,0.0,0.990873913921,0.566571176638,0.0,-1.94388476114,-0.100266604497,-2.7232142285,-21.4723730277,-4.58313597794,0.0,204.156236303,31.5531558581,892.060506864,312.862493624,43,12.0
0.23999999999999996,-0.213096314846,0.0425526734935,0.0,1.7266586328,0.572230696856,0.0,-2.05926489344,-0.0440660878583,-2.34823276751,-22.078424737,-4.51393206735,0.0,185.193654302,20.7061173789,895.740667205,288.461761471,44,12.0
0.23999999999999996,-0.22928024747,0.0499958657077,0.0,2.27544875149,0.594224165925,0.0,-2.16827498381,0.153489259437,-2.14905044923,-22.5016453397,-4.47921798619,0.0,170.484316323,15.0057420578,896.365645106,267.268671818,45,12.0
0.3,-0.410785375636,0.0895291342341,0.0,5.46816027944,0.727438440215,0.0,-3.00004441989,0.306600715528,-1.37578486534,-21.7944784384,-6.12840621677,0.0,400.590042041,143.625513361,829.731280182,434.585797917,46,15.0
0.3,-0.467177053245,0.136445239078,0.0,0.582027795008,0.907004970427,0.0,-3.56092747473,0.80095348216,-1.83115984366,-22.3472856632,-7.07740305001,0.0,334.461860622,70.4332203349,865.16396431,321.261031906,47,15.0
0.3,-0.466056476164,0.150904272384,0.0,2.29220667911,0.608750830623,0.0,-3.24089268062,0.889738360364,-3.64768684836,-24.7529476998,-5.97132113328,0.0,269.278032047,41.9445514231,888.220714706,327.539598924,48,15.0
0.3,-0.494149542703,0.104970334164,0.0,3.30130021053,0.632679607033,0.0,-3.3942322538,0.0203882640197,-3.46901603536,-25.3966744366,-5.67241385363,0.0,235.386240118,24.2397757391,893.701883851,295.162946525,49,15.0
0.3,-0.51751689225,0.0803081795202,0.0,4.44322114625,0.68735120076,0.0,-3.53805486986,-0.269949928344,-2.58895881948,-25.9841818839,-5.27750849852,0.0,195.462049991,12.541623795,897.421740241,260.838392341,50,15.0
0.3,-0.533833326359,0.0920061616206,0.0,5.1383046595,0.783764330413,0.0,-3.65184837263,0.0848432838603,-2.16437080943,-26.2713392186,-5.09970423663,0.0,170.221237634,7.48905353462,898.74904978,243.817146906,51,15.0
0.3,-0.556331725997,0.107427373257,0.0,0.268214930385,1.73629676747,0.0,-4.18491497434,0.45166156681,-2.26206038689,-21.9535901443,-7.32534598315,0.0,452.566405923,65.938971119,865.865540755,637.32605452,52,15.0
0.3,-0.546908315813,0.112096087863,0.0,5.61434538658,1.40761207523,0.0,-3.88602245754,0.496418615319,-2.22943633078,-25.1801659699,-6.57355224768,0.0,388.902064333,85.3993792266,869.600701925,356.744702799,53,15.0
0.3,-0.535728436776,0.112278111365,0.0,6.13342553983,1.41608712615,0.0,-3.79027105284,0.493173580357,-2.27507811375,-25.6897129466,-6.2339292696,0.0,356.516976812,65.2012664137,879.635795015,325.445539323,54,15.0
0.36000000000000004,-0.766460589736,0.121076485466,0.0,3.85260027465,1.00465832007,0.0,-4.37671299901,0.185670870091,-2.68091664188,-26.9611760028,-5.51753443186,0.0,169.442408057,7.05757497498,899.20684377,289.575738246,55,18.0
0.36000000000000004,-0.733265369002,0.114203308584,0.0,0.200332210884,2.03099983606,0.0,-4.22237377619,0.158576732057,-3.69052058298,-25.4811140594,-8.53795172632,0.0,327.190387836,28.975459586,891.670322212,167.070386563,56,18.0
0.36000000000000004,-0.638851272352,0.106185260074,0.0,4.81116808305,2.07917308301,0.0,-3.8996030638,0.257169441207,-3.19929598656,-26.115088558,-8.52222910215,0.0,438.154914829,60.8715729336,879.978047828,345.268756527,57,18.0
0.36000000000000004,-0.539848123139,0.0717210776928,0.0,5.13497742654,2.10759141905,0.0,-3.35559721874,-0.191161072539,-3.2386078062,-26.571355725,-8.21131030118,0.0,415.457219844,46.1061295332,886.058857279,309.242218215,58,18.0
0.36000000000000004,-0.411823460875,0.0544264433865,0.0,5.82557573238,2.01690551145,0.0,-2.6674506886,-0.641981996574,-2.56227356404,-27.1819165298,-7.40525756845,0.0,360.929972586,31.132486815,892.2797924,258.912434734,59,18.0
0.36000000000000004,-0.207634877023,-0.0222640166813,0.0,5.48048521569,2.54572843149,0.0,-1.06858571556,-1.20535279294,-3.66513564137,-27.3489718612,-9.47258670751,0.0,406.533834816,26.2577480017,894.387215495,190.608209488,60,18.0
0.36000000000000004,-0.0647377581805,0.0038752745334,0.0,6.04479938594,2.54258023078,0.0,-0.339599057977,-1.34362179392,-2.53906697842,-27.7583220171,-8.67394299211,0.0,368.189103652,17.392147974,896.446715396,147.428693264,61,18.0
0.36000000000000004,0.0862909105735,0.0432307879627,0.0,0.134697001841,2.68597539845,0.0,0.576615445505,-1.07555355086,-1.97557258332,-28.0096512303,-8.35108070876,0.0,343.812083816,12.9273522425,897.655371909,107.557394447,62,18.0
0.36000000000000004,0.207397050863,0.0699514326404,0.0,0.370156345893,2.87210102414,0.0,1.35996108903,-0.794639090134,-1.80710683363,-28.1449709513,-8.25083045745,0.0,338.203020395,9.80454061342,898.06263458,78.2153860226,63,18.0
0.36000000000000004,0.316145883619,0.0795974990702,0.0,0.490958152992,3.12952768909,0.0,2.14795614559,-0.613197810046,-1.90987389316,-28.221609539,-8.44200616735,0.0,350.793310532,8.06688165515,898.407373515,55.8534157254,64,18.0
0.3,0.238219077259,0.0968794921713,0.0,2.19857516177,3.70964986387,0.0,2.37071605977,0.291491561871,-1.58021172438,-27.5926614893,-7.81295156496,0.0,300.395601122,4.00984513462,899.510491607,24.8121208556,65,15.0
0.3,0.264258130055,0.101863344442,0.0,2.39690753266,3.8496098127,0.0,2.59042500716,0.46467865123,-1.82804515587,-27.6786854494,-7.91727461268,0.0,312.253444679,3.46533862027,900.391203552,19.3743757844,66,15.0
0.3,0.255341290976,0.0974892974817,0.0,2.41905019907,4.92093835011,0.0,2.33893865674,0.287459346634,-3.84263954905,-27.6786681662,-10.1554687697,0.0,335.728049162,1.51298446031,899.436860593,7.9286130595,67,15.0
0.23999999999999996,0.131823883799,0.0483546177742,0.0,3.86993714603,5.67251126165,0.0,1.52258497624,0.0229642895008,-3.0203407179,-26.2440497019,-10.0348475624,0.0,403.568576735,1.90429016477,900.346689824,4.84030942487,68,12.0
0.23999999999999996,-0.0967778236836,0.0322785455646,0.0,3.64557872429,0.866285224814,0.0,-1.62714374141,0.151995371772,-2.60081550941,-26.14477051,-12.8397737034,0.0,447.045391675,13.0094658768,898.112445494,54.4300409745,69,12.0
0.23999999999999996,-0.0861084277922,-0.0217083322713,0.0,3.93076878087,0.461612935447,0.0,-1.37232717834,-0.346075930529,-2.88430911832,-26.2177146966,-12.06565629,0.0,407.065490882,11.5460237194,898.733577637,63.9943245313,70,12.0
0.23999999999999996,-0.0563102800935,-0.0742748502474,0.0,4.08885571724,6.2577762699,0.0,-0.799817579313,-0.877548421532,-2.87691515798,-26.2250121504,-11.1603015466,0.0,366.714125744,10.508340795,898.707982049,87.5363756724,71,12.0
0.3,-0.0109848967435,-0.192597405905,0.0,3.07295932994,5.20884104151,0.0,0.400252132506,-1.67764179152,-3.51171164593,-27.7200678587,-10.6725737063,0.0,367.29161892,0.920025244358,899.706533968,3.39725933675,72,15.0
0.3,-0.0696693280073,-0.151024532479,0.0,3.02293169406,5.73614184731,0.0,-0.530206277431,-1.52611590142,-3.16431816967,-27.4870574519,-10.4191808364,0.0,292.441356566,4.42257843729,899.569210614,151.305725797,73,15.0
0.36000000000000004,0.107324385754,-0.242801164777,0.0,1.9940844014,4.70129170618,0.0,1.46377005596,-1.68850079979,-2.96818681141,-28.3958842924,-10.0129260343,0.0,354.087316876,1.35033666681,899.621164761,5.43947926095,74,18.0
0.36000000000000004,0.0468173163098,-0.161764022735,0.0,1.87431914384,4.7305711351,0.0,1.16681168129,-1.38052549617,-3.19476449044,-28.3827129303,-9.81729863559,0.0,339.877846454,1.81036680255,899.807697098,5.40894196557,75,18.0
0.36000000000000004,0.233896149343,-0.0550258796233,0.0,2.33830026597,4.34656078091,0.0,2.29539807277,-0.757727951824,-2.19715685846,-28.4162920524,-8.3435522482,0.0,270.399102978,1.18438885099,899.521914979,6.31698640072,76,18.0
0.36000000000000004,0.361056804872,0.0709403622186,0.0,2.53327138256,4.11431501673,0.0,2.91689139119,0.109564443232,-2.20887854729,-28.4304115881,-6.68424063445,0.0,222.789037398,1.3700681124,899.677577209,6.72639593896,77,18.0
0.36000000000000004,0.432716843976,0.133571163172,0.0,2.61370174275,3.93297138842,0.0,3.16278362438,0.611070048934,-2.40902933796,-28.4286975561,-5.76176478003,0.0,179.488279757,0.983940001551,899.725990886,7.66719451826,78,18.0
0.3,0.281579665961,0.116927409078,0.0,4.3672225538,4.02859163073,0.0,2.57746915259,0.729449375181,-2.48475573561,-27.8935298784,-5.18500779752,0.0,98.7679648932,0.593383800322,900.03161503,4.99260978196,79,15.0
0.3,0.265447496305,0.112594328427,0.0,4.51817427637,3.75603999164,0.0,2.36613968312,0.838952116386,-2.88749161867,-27.9318124469,-4.81308252033,0.0,74.8229611064,0.945863564532,900.909932686,4.76408729339,80,15.0
0.3,0.195838245545,0.094883017348,0.0,4.47350279066,3.40077067324,0.0,1.74027188832,0.951022414567,-3.19091673625,-27.8887722961,-4.50398381291,0.0,58.4715918372,0.332521162399,899.535967606,6.35025867071,81,15.0
0.3,0.0860341969858,0.0653618753487,0.0,4.49038948945,3.05403370676,0.0,0.83526277068,0.906034706672,-3.39574166964,-27.8971077502,-4.23977671273,0.0,45.3560420612,-0.423994335907,899.855684911,8.95155826224,82,15.0
0.3,-0.0451618862363,0.0312038134325,0.0,4.51857071879,2.72090889419,0.0,-0.20128588542,0.743655598252,-3.47028524105,-27.8992177738,-3.99935892811,0.0,34.8823259724,-0.416680892727,899.937342142,9.20372723104,83,15.0
0.3,-0.182054719666,-0.00536121320451,0.0,4.54683557041,2.39225944622,0.0,-1.24743467865,0.497176692826,-3.40417995831,-27.9011642329,-3.77717046944,0.0,27.0189140832,0.205334924865,899.811128359,11.6302943377,84,15.0
0.3,-0.286625572552,-0.0309447249909,0.0,4.55844007366,2.12592599986,0.0,-2.02408134303,0.288272502402,-3.23722403043,-27.9162856438,-3.59570083837,0.0,20.8926903657,0.392988217347,900.471574066,13.6797786184,85,15.0
0.3,-0.378345365893,-0.0555967490818,0.0,4.55024908966,1.84741007628,0.0,-2.68484332281,0.0540454515805,-2.9920768293,-27.9022993839,-3.41569034521,0.0,16.9570107535,0.0259136330092,899.983776153,15.7171628339,86,15.0
0.3,-0.442465220145,-0.0745182522011,0.0,4.57228238266,1.58051987107,0.0,-3.12791730367,-0.179950642314,-2.70295568084,-27.8912081393,-3.23392073407,0.0,12.9464282708,0.108416072893,899.578799993,19.0256989841,87,15.0
0.3,-0.472529879268,-0.0846919334612,0.0,4.6980012595,1.36667092966,0.0,-3.33507319752,-0.346166010107,-2.43843177873,-27.8937463495,-3.27937016067,0.0,122.299840454,5.21909105257,899.122371437,25.8145451174,88,15.0
0.3,-0.48104930283,-0.0894671271621,0.0,4.74820753515,1.15994982919,0.0,-3.37466811362,-0.448348402272,-2.15139190727,-27.8917684515,-3.08777346494,0.0,111.312465235,3.95927665907,899.176927436,24.4270560687,89,15.0
0.36000000000000004,-0.685764442777,-0.136000692559,0.0,3.16518516539,0.803216519235,0.0,-3.83784097734,-0.854931624807,-2.665657641,-28.4249358831,-2.80911895155,0.0,14.06643916,-0.571670437976,900.33099409,47.954552404,90,18.0
0.36000000000000004,-0.638393886006,-0.140856209464,0.0,3.24918672381,0.617504945657,0.0,-3.51275815602,-0.967589161559,-2.39603141965,-28.3949612875,-2.61992997657,0.0,12.471496599,0.192713300672,899.39755784,52.5464121023,91,18.0
0.36000000000000004,-0.583932920066,-0.158007548103,0.0,3.25156663533,0.396079385986,0.0,-3.12643551914,-1.14154673708,-2.22640194107,-28.3947734238,-2.95197407875,0.0,11.1812512215,0.200047784074,900.11096986,58.3107293218,92,18.0
0.36000000000000004,-0.514000808388,-0.144362746587,0.0,3.39029814595,0.361685085476,0.0,-2.8036419298,-1.04462535485,-1.8963239533,-28.3757415425,-3.61346950474,0.0,9.06981760657,-0.228168619805,900.68168264,54.5942009107,93,18.0
0.36000000000000004,-0.425227747919,-0.128790143178,0.0,3.51372808625,0.195849191194,0.0,-2.23143715255,-0.95964310821,-1.66231479789,-28.3618210426,-3.13739407023,0.0,7.48766530487,0.192135954411,900.178167596,57.3683404065,94,18.0
0.4200000000000001,-0.548365949343,-0.265580352027,0.0,1.70881974133,0.103456360921,0.0,-2.53180560402,-1.18649389028,-2.97450489247,-28.4480840404,-3.4266967313,0.0,24.4719353965,0.645716296993,899.921789078,89.2294333237,95,21.0
0.4200000000000001,-0.420708689275,-0.2549340199,0.0,1.82551661231,6.25403564509,0.0,-1.84698773627,-1.24505706735,-2.74673168607,-28.4258185818,-3.07086381351,0.0,21.248917687,0.557314952063,899.635619946,95.1909722071,96,21.0
0.4200000000000001,-0.310368876276,-0.230936039126,0.0,1.94640736723,6.15553726704,0.0,-1.26249920643,-1.23023058352,-2.54484861496,-28.4119125981,-2.73601269402,0.0,17.9838834033,1.29124050617,900.251460866,103.668270842,97,21.0
0.4200000000000001,-0.223450115543,-0.196452014829,0.0,2.00823489274,6.0822330307,0.0,-0.806175944905,-1.11910985337,-2.41399596805,-28.5151651002,-2.47553446756,0.0,3.989159824,0.523268275608,899.870474448,3.6706897947,98,21.0
0.4200000000000001,-0.154474101351,-0.150083148592,0.0,2.06285255009,6.03852699309,0.0,-0.446274977385,-0.942323293797,-2.32218792029,-28.541275291,-2.14282434468,0.0,2.28874212383,-0.149642852727,900.028396598,1.72363014248,99,21.0
0.48000000000000015,-0.109677242928,-0.125952475544,0.0,0.442391449978,5.90822196461,0.0,0.0199312201421,-0.124479398647,-2.84979279515,-28.733201387,-1.80983374979,0.0,7.19280115084,0.335348214305,900.515147076,3.21168940779,100,24.0
0.48000000000000015,-0.0641513817152,-0.0781959955341,0.0,0.441026492201,5.86243467963,0.0,0.205797804167,0.0251216790216,-2.85760666652,-28.72879032,-2.00574174633,0.0,6.55723471151,-0.111198769308,900.360003754,3.50237271537,101,24.0
0.48000000000000015,-0.0224309816501,-0.0254187531499,0.0,0.547435586111,5.93718854891,0.0,0.318621410681,0.196595732574,-2.8876303228,-28.7268396719,-1.35431267708,0.0,5.63472592387,0.45624622044,899.807053095,2.8403244202,102,24.0
0.4200000000000001,-0.0119191381596,0.0804834893432,0.0,2.57171581844,6.07519173482,0.0,0.182795008335,0.0436420045224,-2.37135080304,-28.6755089857,-0.824164324037,0.0,1.13569195944,-0.561861711722,899.709307265,1.51862047352,103,21.0
0.4200000000000001,-0.00261409601196,0.114041191681,0.0,2.65588150246,6.08612723707,0.0,0.207611031327,0.162891640335,-2.39238250989,-28.6870486611,-0.746362778618,0.0,1.88610921732,0.139125824695,900.166400444,0.638414651347,104,21.0
0.4200000000000001,0.00109994699027,0.136988610269,0.0,2.7162265996,6.09407857255,0.0,0.214001991574,0.245227290949,-2.41494856865,-28.6938497976,-0.699692280436,0.0,1.11701785308,0.615724585799,900.187110614,0.223659883415,105,21.0
0.4200000000000001,0.00481760550938,0.154282363109,0.0,2.72969838619,6.10141731324,0.0,0.220238937256,0.296535919948,-2.40949157849,-28.6672404894,-0.65754873792,0.0,1.1690709091,-0.789442767658,899.246064731,0.316198974591,106,21.0
0.4200000000000001,0.00735158273555,0.192991384101,0.0,2.8451193047,6.10850318933,0.0,0.222601615457,0.441876716972,-2.47107675083,-28.6813702615,-0.620617945663,0.0,1.31003637501,-0.371452272646,899.688637521,0.533897451881,107,21.0
0.4200000000000001,0.0102089433236,0.204620900861,0.0,2.85678042574,6.11615245411,0.0,0.225477346102,0.475546339144,-2.47843085018,-28.684375356,-0.580630671662,0.0,1.58981590352,-0.0258025103494,899.834435201,0.620696054814,108,21.0
0.36000000000000004,0.00225641510002,0.186233244171,0.0,4.6436534605,6.15744401323,0.0,0.126667481295,1.09810533681,-1.5656219861,-28.4737578411,-0.544031683182,0.0,16.2907482639,0.54013940592,899.674220583,2.79739823513,109,18.0
0.36000000000000004,0.00406096967997,0.205439037695,0.0,4.7440309626,6.16313143496,0.0,0.129905567,1.23866998085,-1.69325135569,-28.4953951455,-0.506306383933,0.0,15.4411794595,0.439863843976,900.268108931,2.52243379868,110,18.0
0.36000000000000004,0.00541415193869,0.211448193485,0.0,4.78018912525,6.17006947451,0.0,0.129836688993,1.28177737966,-1.77176096675,-28.4772817984,-0.464753843458,0.0,14.2123785087,-0.215211479171,899.478457803,1.40623027566,111,18.0
0.36000000000000004,0.00663808371753,0.221136787932,0.0,4.83155598528,6.17593756524,0.0,0.13036482719,1.3493712445,-1.82645116107,-28.5158776107,-0.430833015539,0.0,14.1807156134,-0.217095361129,900.929365428,1.9350450956,112,18.0
0.36000000000000004,0.00732071676175,0.227545739458,0.0,4.85195077808,6.18008673406,0.0,0.129615637217,1.3837785682,-1.86139795046,-28.5058448004,-0.408187680115,0.0,14.5832801589,-0.272294197329,900.476123125,1.76731669057,113,18.0
0.36000000000000004,0.0108327302668,0.228888246702,0.0,4.78628772885,6.14992443801,0.0,0.171298285848,1.34151732763,-1.77963190291,-28.4897432723,-0.52969984203,0.0,15.4307200812,-0.314881457573,900.138030826,1.55079352416,114,18.0
0.36000000000000004,0.0110629984149,0.240088911562,0.0,4.81213460533,6.15956286033,0.0,0.16382820532,1.39556926398,-1.81860612401,-28.4772928585,-0.483296461942,0.0,15.2308727403,-0.0624584173652,899.756483473,1.19347866728,115,18.0
0.36000000000000004,0.0110918392917,0.25101888311,0.0,4.90721530134,6.16601411091,0.0,0.1583795218,1.49342579872,-1.95344338917,-28.5014267782,-0.452685733246,0.0,13.8309279213,-0.676041149684,900.4169606,1.65878530331,116,18.0
0.36000000000000004,0.0111295118944,0.253424405455,0.0,4.88711017467,6.17029626128,0.0,0.154716848382,1.48969882707,-1.92549276138,-28.4932588233,-0.433003286228,0.0,13.9794389953,0.744269374254,900.088357307,1.86650817319,117,18.0
0.36000000000000004,0.0111479491319,0.253626961877,0.0,4.88427382341,6.17487574328,0.0,0.150576457367,1.48928572412,-1.92760597899,-28.4745602571,-0.41191472811,0.0,13.3638875797,0.481589293,899.259787905,1.78747306902,118,18.0
0.36000000000000004,0.0109796806915,0.26324268274,0.0,4.91700980099,6.18250463908,0.0,0.142992728827,1.5401373427,-1.97953579235,-28.4786031336,-0.377895308141,0.0,12.1706612858,-0.0843335071665,899.495261131,1.01542764711,119,18.0
0.36000000000000004,0.0108840271569,0.265820070514,0.0,4.94937995525,6.18640834735,0.0,0.139167228006,1.5675812239,-2.02345880726,-28.501229207,-0.360571798449,0.0,11.157037226,0.75284218228,900.379039795,1.27041815609,120,18.0
0.36000000000000004,0.0108255372767,0.266885937138,0.0,4.94669905851,6.18810883184,0.0,0.137259622058,1.5691686043,-2.02683689781,-28.4843220634,-0.352995274719,0.0,10.2257291081,0.25519155324,899.697367901,0.733221037745,121,18.0
0.36000000000000004,0.0107695245314,0.267389514909,0.0,4.94685021914,6.18942069553,0.0,0.135931438622,1.57072075368,-2.02088452917,-28.4972141138,-0.346950541563,0.0,8.95661915142,-0.0699280258746,900.37057987,1.28154414186,122,18.0
0.36000000000000004,0.010635686757,0.272031032742,0.0,4.95977654777,6.19150601217,0.0,0.133429839435,1.59368300309,-2.0449962974,-28.4920492165,-0.338058284711,0.0,8.42215945005,-0.278182056481,900.081360719,1.17228715321,123,18.0
0.36000000000000004,0.010435991301,0.278066286788,0.0,5.03207613837,6.1953362915,0.0,0.129000327472,1.65203724571,-2.16189771775,-28.4925303189,-0.321941807923,0.0,8.05888318697,-0.727759607842,899.831437903,0.559715774611,124,18.0
0.36000000000000004,0.0103894708968,0.276123088414,0.0,5.00173511186,6.19608795055,0.0,0.128212611764,1.63058144189,-2.11022970025,-28.5000505365,-0.318518603408,0.0,6.9376084504,-0.0814859265263,900.246715211,0.807417309898,125,18.0
0.36000000000000004,0.0103980847659,0.268754910623,0.0,4.91536204095,6.19641463558,0.0,0.127876002977,1.55625257727,-1.98375712538,-28.4738679454,-0.316909249454,0.0,6.10689454897,0.00123210409888,899.538566796,0.71672949884,126,18.0
0.36000000000000004,0.0102933674236,0.274019505171,0.0,5.01564548942,6.19787088761,0.0,0.12616967275,1.63082381655,-2.13268901141,-28.5010666687,-0.310915093298,0.0,6.08098319422,0.211265770741,900.190088199,1.09767568685,127,18.0
0.36000000000000004,0.0102707535173,0.271440275445,0.0,4.98172789225,6.19869110642,0.0,0.125327746729,1.60540333922,-2.07840542425,-28.4975705436,-0.307541691765,0.0,6.50786110176,0.291551184458,900.064116807,1.0971710728,128,18.0
0.36000000000000004,0.0100665070957,0.281144037401,0.0,5.02248937247,6.20099128379,0.0,0.122302782669,1.65788611462,-2.14627736478,-28.4964639643,-0.298225248408,0.0,6.69177143342,-0.568823226504,900.113522082,0.824874900183,129,18.0
0.36000000000000004,0.0100206927878,0.280111193761,0.0,5.05093225497,6.2018733436,0.0,0.121293983424,1.66781569317,-2.19321401949,-28.5010912327,-0.294538980665,0.0,6.55823014072,-0.32618718249,900.187634419,0.353705341181,130,18.0
0.36000000000000004,0.010015164649,0.281827905113,0.0,5.02583859578,6.20177094683,0.0,0.121433992557,1.66346324743,-2.15017497973,-28.5056155094,-0.294831550334,0.0,5.8372534138,-0.0707750871798,900.293307757,-0.227073458008,131,18.0
0.36000000000000004,0.0101593074312,0.279898135536,0.0,5.01433562602,6.19886571558,0.0,0.124724048141,1.64988211788,-2.13079846109,-28.5033564576,-0.307014009613,0.0,6.49475053131,-0.306927545622,900.423622864,0.629934432351,132,18.0
0.36000000000000004,0.0101528655558,0.281527451376,0.0,5.00642172854,6.19805696679,0.0,0.125292864159,1.6494317426,-2.12683201844,-28.4759382405,-0.310401993116,0.0,6.20643016946,-0.40591445015,899.492178836,-0.123517948706,133,18.0
0.36000000000000004,0.0101358373777,0.282942090483,0.0,5.03057948343,6.19892606121,0.0,0.124593415887,1.66887475204,-2.15651066609,-28.5077199156,-0.306560481279,0.0,5.27640294525,0.0384648140359,900.504616031,0.278524748289,134,18.0
0.36000000000000004,0.0101664007515,0.282083437397,0.0,5.05869023817,6.19810427842,0.0,0.125443389234,1.67852038152,-2.20308918984,-28.5063929629,-0.310029807692,0.0,5.26029472538,0.263214314272,900.420199078,0.785644705435,135,18.0
0.36000000000000004,0.0102067130777,0.286853562592,0.0,5.06399601382,6.19471074736,0.0,0.128766259535,1.69847881901,-2.21074984309,-28.5071685403,-0.324570890981,0.0,5.07716326921,-0.310747435169,900.338872391,-0.132790955645,136,18.0
0.36000000000000004,0.0102694126392,0.284801091677,0.0,5.04766566905,6.19214567613,0.0,0.131261522509,1.68152372315,-2.19351652285,-28.4857258353,-0.335503327242,0.0,4.68448324401,0.100345130047,899.58212592,0.828745180751,137,18.0
0.36000000000000004,0.0102927024447,0.285069927933,0.0,5.04847827977,6.19068893106,0.0,0.132755605006,1.68333203653,-2.1910647877,-28.4954568507,-0.341820006823,0.0,4.43876452013,-0.187053859446,899.975558813,0.15869835289,138,18.0
0.36000000000000004,0.010291780254,0.285590001431,0.0,5.08051690629,6.18889425198,0.0,0.134496619497,1.70148504304,-2.23539359146,-28.5154453158,-0.349728743686,0.0,4.12735804402,0.0204218905748,900.60534517,0.241464116713,139,18.0
0.36000000000000004,0.0102967684799,0.284886992003,0.0,5.06450384047,6.18546450686,0.0,0.137604262501,1.69081596235,-2.21139937531,-28.5084425911,-0.364895211524,0.0,3.7541377397,-0.0088886526661,900.435791109,0.155166311662,140,18.0
0.36000000000000004,0.0103222039946,0.284670631731,0.0,5.0401524191,6.18492756133,0.0,0.138122256474,1.677801093,-2.17651508285,-28.4944430128,-0.36723752242,0.0,4.18103668944,-0.251897021468,899.987710951,0.782383097942,141,18.0
0.36000000000000004,0.0103636727068,0.283176706484,0.0,5.00206337247,6.18515573679,0.0,0.138197985229,1.65488719259,-2.11031060225,-28.5023244004,-0.36597471368,0.0,3.3657336819,-0.0488381523134,900.376788034,0.182124551164,142,18.0
0.36000000000000004,0.010214592467,0.290729773462,0.0,5.07401037512,6.18943036364,0.0,0.133548074222,1.71340645052,-2.23369645368,-28.4947220253,-0.347395318684,0.0,2.42295272852,0.298486892901,900.057429325,-0.238151435145,143,18.0
0.36000000000000004,0.0103691631759,0.283969580855,0.0,5.01973517552,6.18950456213,0.0,0.134104185493,1.66399030248,-2.14822602817,-28.4834897491,-0.346545077391,0.0,2.926608979,0.09621752856,899.767265989,0.453743376042,144,18.0
0.36000000000000004,0.0103582082876,0.285805748831,0.0,5.03994617059,6.19056673525,0.0,0.133159870789,1.68216179104,-2.17602764708,-28.4975462704,-0.341952412789,0.0,2.94374232401,0.0713865673958,900.109304646,0.542075523312,145,18.0
0.36000000000000004,0.0103519204614,0.286574360864,0.0,5.05177252381,6.19087219042,0.0,0.132739005035,1.68868810896,-2.20347291127,-28.4831150452,-0.340584190158,0.0,2.5412264787,0.18419623349,899.527673631,0.152634972396,146,18.0
0.36000000000000004,0.0103344825091,0.287200846304,0.0,5.04583886661,6.19114699708,0.0,0.132502181114,1.68861083398,-2.18837928343,-28.4949767746,-0.339409655073,0.0,2.35588714282,0.372947054981,900.105264048,0.789609875156,147,18.0
0.36000000000000004,0.0103185213149,0.284189798603,0.0,5.04084678027,6.19251267117,0.0,0.13112535836,1.67650192735,-2.18468487215,-28.483906645,-0.333451998764,0.0,1.92434551671,-0.30801475988,899.462909711,-0.00344059777116,148,18.0
0.36000000000000004,0.0102460864488,0.284489524835,0.0,5.00938821333,6.19476872491,0.0,0.128785458659,1.6616643145,-2.13387490815,-28.4841826399,-0.323799325123,0.0,1.54313998173,0.743079326059,899.676861566,0.33712400552,149,18.0
0.36000000000000004,0.0101282044214,0.288239271791,0.0,5.07775065666,6.19701361517,0.0,0.126249545173,1.70691523158,-2.24213066638,-28.4996840478,-0.314407080775,0.0,1.00610681286,0.68255195089,900.150346627,0.048266127801,150,18.0
0.36000000000000004,0.0101392623139,0.286990115401,0.0,5.05749201962,6.1973723978,0.0,0.12596294781,1.6934575526,-2.20836145237,-28.4969538703,-0.312838519553,0.0,1.2253040156,-0.0839675521645,900.14045283,0.578643129847,151,18.0
0.36000000000000004,0.0102228896572,0.288356978501,0.0,5.04268757121,6.19394263797,0.0,0.129469569671,1.69058023943,-2.18546758805,-28.4934734877,-0.327471373628,0.0,1.43035114437,0.374973085484,900.106815298,-0.0717127876505,152,18.0
0.36000000000000004,0.0102118460919,0.289122148037,0.0,5.07166803663,6.18979842374,0.0,0.133287190009,1.70750919206,-2.22831741321,-28.5070716986,-0.345764587899,0.0,1.3691462126,0.0139709039375,900.479930574,0.876217817833,153,18.0
0.36000000000000004,0.0101633440574,0.287662159186,0.0,5.03677943694,6.18482773368,0.0,0.137442433126,1.68465645769,-2.17940662758,-28.47862345,-0.368010341898,0.0,1.1661408771,0.163165310854,899.474157361,-0.0691803183292,154,18.0
0.36000000000000004,0.00999494928993,0.289478388741,0.0,5.05118490208,6.18064860653,0.0,0.140587500754,1.69951094704,-2.19564099984,-28.4954521098,-0.387554431872,0.0,0.776387609443,-0.0323959334948,899.991457969,0.0394205937732,155,18.0
0.36000000000000004,0.00977912155567,0.290966223299,0.0,5.08110350183,6.17745893478,0.0,0.1424928327,1.71803986955,-2.24276983328,-28.4987265586,-0.402983682908,0.0,0.867520026818,-0.31957140952,900.075084536,0.089973797541,156,18.0
0.36000000000000004,0.00961225293227,0.292769720476,0.0,5.09464684626,6.17667137711,0.0,0.142542971055,1.73035185261,-2.26189484652,-28.511222919,-0.407383574598,0.0,0.489965671431,-0.144400551667,900.584740757,0.107630583917,157,18.0
0.36000000000000004,0.00964357479564,0.286901107525,0.0,5.04177825428,6.1748408679,0.0,0.144270623257,1.68645640155,-2.17681630485,-28.4957367252,-0.415524295651,0.0,0.441007005005,0.0804182708007,900.019546879,0.179583040265,158,18.0
0.36000000000000004,0.00956993821149,0.28983621338,0.0,5.06543756541,6.17572744471,0.0,0.143223197911,1.70738496469,-2.21204855628,-28.5089248447,-0.41188693878,0.0,0.778711839718,-0.0153639470115,900.604090334,0.296691723286,159,18.0
0.36000000000000004,0.00968904766798,0.291491189315,0.0,5.05617757957,6.17871145328,0.0,0.140931509295,1.70694057212,-2.20662220954,-28.4872022376,-0.397690530515,0.0,0.597864731806,-0.439928707999,899.836004119,0.170048428519,160,18.0
0.36000000000000004,0.00982756272452,0.291914683484,0.0,5.07669676727,6.1824220704,0.0,0.13825903053,1.71882646188,-2.23772281271,-28.4973435684,-0.38032515481,0.0,0.0419012730562,-0.118537413737,900.103212431,-0.172744740553,161,18.0
0.36000000000000004,0.00996057509914,0.289075433943,0.0,5.05635777858,6.18433199742,0.0,0.137126520744,1.69857394262,-2.20535400611,-28.4963980134,-0.371123327801,0.0,-0.0358007890964,-0.165109045777,900.273668786,0.0660140230623,162,18.0
0.36000000000000004,0.00992579484109,0.28967815525,0.0,5.05863754317,6.18312159848,0.0,0.138003935113,1.70208835976,-2.21039998042,-28.4872616584,-0.376695500744,0.0,0.484440051219,-0.0825361076157,899.831222376,0.501334678975,163,18.0
0.36000000000000004,0.00996775894155,0.290289078114,0.0,5.0493257594,6.18361662603,0.0,0.137795067135,1.70094325134,-2.19347074522,-28.4933960897,-0.374300925417,0.0,0.127743124041,0.114107176184,899.999319423,0.119499678981,164,18.0
0.36000000000000004,0.0100497425665,0.290581660997,0.0,5.02400048064,6.18516693667,0.0,0.136653385613,1.68923435008,-2.15954439016,-28.4754267767,-0.366952171499,0.0,0.225716643276,-0.248429282518,899.307270139,0.0950875073987,165,18.0
0.36000000000000004,0.0101361733706,0.287940488808,0.0,5.0464945259,6.19112252904,0.0,0.13167362644,1.69136054185,-2.19369935579,-28.4882414012,-0.340152748248,0.0,0.295008816013,-0.0370619453618,899.740941009,-0.137200508787,166,18.0
0.36000000000000004,0.00998633464753,0.290349507008,0.0,5.06024313885,6.19865706658,0.0,0.124087171377,1.70437928931,-2.21937346392,-28.4872287213,-0.307693625058,0.0,0.840107402056,0.373168709073,899.883538493,0.380743400019,167,18.0
0.36000000000000004,0.00964577398759,0.291365015242,0.0,5.06793639911,6.20638234941,0.0,0.115453520249,1.71175413896,-2.23428094043,-28.4845041156,-0.275598655517,0.0,0.129838241885,0.487053217454,899.708815206,-0.450255783854,168,18.0
0.36000000000000004,0.00921412358818,0.290224216944,0.0,5.08763753897,6.21394257729,0.0,0.106514853584,1.71774355876,-2.26537673438,-28.4883887336,-0.245169385937,0.0,0.0756831260204,0.0239971073292,899.710693426,-0.253540821623,169,18.0
0.36000000000000004,0.00863198633173,0.287045095392,0.0,5.04844815015,6.22141665812,0.0,0.0969574199368,1.68963334985,-2.20284191086,-28.485416841,-0.216108600894,0.0,-0.206052915117,-0.155730022943,899.65061184,-0.140727311295,170,18.0
0.36000000000000004,0.00798287026017,0.287982689108,0.0,5.06968087738,6.22820972752,0.0,0.0877042985953,1.70269066602,-2.23835429958,-28.4906256296,-0.190423618225,0.0,-0.0937104939775,-0.1418156953,899.792981285,-0.478727236079,171,18.0
0.36000000000000004,0.00734525859737,0.288101007449,0.0,5.04842796061,6.23400697909,0.0,0.0793743529016,1.69308486109,-2.20625799757,-28.4779271034,-0.169039916006,0.0,-0.331429438675,0.19036267772,899.416165123,0.144767773874,172,18.0
0.36000000000000004,0.00691452376534,0.290483357289,0.0,5.08047434512,6.23769333737,0.0,0.0740080059942,1.71642550869,-2.256395463,-28.4913672084,-0.155628153041,0.0,0.107974115747,-0.0547548929516,899.854534854,0.358637699985,173,18.0
0.36000000000000004,0.00574062154072,0.292088298829,0.0,5.11443042845,6.24752758915,0.0,0.0598507919799,1.73778459369,-2.30741573825,-28.509622688,-0.118305757721,0.0,0.00605379175204,-0.0676230914403,900.461433359,0.392462284182,174,18.0
0.36000000000000004,0.00550467367884,0.288123272484,0.0,5.08792654055,6.24933194435,0.0,0.0570619685725,1.71251797907,-2.26708574848,-28.4963426672,-0.111929861679,0.0,-0.15426649038,-0.949334080829,899.936327412,-0.0541776058315,175,18.0
0.36000000000000004,0.00538040546646,0.289804843039,0.0,5.06543295909,6.25025643995,0.0,0.05565675961,1.70837819146,-2.22687270374,-28.5057069425,-0.108701237476,0.0,0.487477910353,-0.301562317901,900.499660962,0.0638436090297,176,18.0
0.36000000000000004,0.00521694922693,0.290287152045,0.0,5.09134820519,6.25146108459,0.0,0.0537548567335,1.7206484517,-2.27198144101,-28.500471743,-0.104497852502,0.0,0.582762028407,0.271777081258,900.277706077,-0.875813334094,177,18.0
0.36000000000000004,0.0050511716887,0.287834607663,0.0,5.05811867289,6.25267207518,0.0,0.0518766610053,1.69692580144,-2.21829987452,-28.5019158183,-0.100281105678,0.0,-0.327696504087,0.15697403258,900.45568612,-0.326820500926,178,18.0
0.36000000000000004,0.0049828597055,0.285932969415,0.0,5.05507024231,6.25316919261,0.0,0.0510914316291,1.69070885337,-2.21175124246,-28.4969233833,-0.0985650066355,0.0,0.596345736823,0.193559330915,900.064870452,0.320235338504,179,18.0
0.36000000000000004,0.00470806325284,0.291138564949,0.0,5.10607908818,6.25509151862,0.0,0.0479893357974,1.72835864787,-2.30362856446,-28.488379185,-0.0919298991343,0.0,0.129895643819,-0.184669665455,899.770033127,-0.895487366671,180,18.0
0.36000000000000004,0.00454506971783,0.287201860466,0.0,5.03994694048,6.25621477895,0.0,0.0462127860079,1.68653467345,-2.1928395087,-28.4867907821,-0.0880791733609,0.0,-0.0292368169179,-0.0376148838843,899.802343224,0.391742081177,181,18.0
0.36000000000000004,0.00435499166264,0.289628943941,0.0,5.09277933357,6.25754325437,0.0,0.0441193961987,1.72067980138,-2.27187533441,-28.509238911,-0.083543134171,0.0,-0.212654143928,-0.0865485504348,900.495456641,0.21086491905,182,18.0
0.36000000000000004,0.00407796809064,0.28981090518,0.0,5.08559830795,6.25939105377,0.0,0.0411177450328,1.71845167033,-2.2606660439,-28.5099651049,-0.0772736886755,0.0,-0.209069968383,0.200350505784,900.502496309,-0.108726768282,183,18.0
0.36000000000000004,0.00372669438331,0.291188775913,0.0,5.12878303287,6.26168067393,0.0,0.0373416592891,1.74021910326,-2.33454533031,-28.5092637661,-0.0695625807841,0.0,-0.0166017610951,-0.283039307903,900.422810048,0.592238413162,184,18.0
0.36000000000000004,0.00337429059049,0.285706748725,0.0,5.04992062045,6.26389753059,0.0,0.033644914643,1.68617329825,-2.20735002036,-28.4964037665,-0.0621719460701,0.0,-0.997163863738,0.129930023493,900.203641822,0.26759396701,185,18.0
0.36000000000000004,0.00303542471795,0.290455076412,0.0,5.08223044782,6.26600288344,0.0,0.0301032822128,1.71796988841,-2.26247406795,-28.4956009086,-0.0551807127483,0.0,0.368070352854,-0.227038932118,899.979341033,0.235528824687,186,18.0
0.36000000000000004,0.00264374469179,0.290656922017,0.0,5.0823240715,6.26836665267,0.0,0.0260771453116,1.71787060879,-2.26391448012,-28.4885864653,-0.0474012086868,0.0,0.179853650802,-0.305483661005,899.812018491,-0.168515147396,187,18.0
0.36000000000000004,0.00230073398473,0.29082997662,0.0,5.11176322174,6.27040847585,0.0,0.0225843321787,1.73068045381,-2.31300151507,-28.4940781916,-0.0407335886605,0.0,0.155779828711,-0.0312138581153,899.948977427,-0.341410695538,188,18.0
0.36000000000000004,0.00203132313196,0.285663471844,0.0,5.04262417917,6.27197485387,0.0,0.0198796454636,1.6828599454,-2.20049812263,-28.4851826919,-0.0356489901492,0.0,0.26683416424,-0.451976355605,899.688770846,0.223590216937,189,18.0
0.36000000000000004,0.00177860212505,0.290957640099,0.0,5.09403410352,6.27343299342,0.0,0.0173530656701,1.72460171088,-2.2820118608,-28.5033630307,-0.0309465105912,0.0,0.280763863198,0.0737682629545,900.318035424,0.168119387214,190,18.0
0.36000000000000004,0.00164351334024,0.285223534605,0.0,5.05272029181,6.27419936946,0.0,0.0160116874194,1.68642855158,-2.2131843013,-28.4941070276,-0.0284747278736,0.0,0.348727992625,0.343344335195,900.059208652,0.388207066719,191,18.0
0.36000000000000004,0.00150501075659,0.290467934465,0.0,5.10038489628,6.27498589107,0.0,0.0146342234416,1.72654967527,-2.29044994579,-28.5008369637,-0.02594714092,0.0,0.252338105213,-0.46931863045,900.147594749,-0.254319677242,192,18.0
0.36000000000000004,0.00139110055967,0.289595394758,0.0,5.05463412023,6.27561703421,0.0,0.0135087811123,1.70047124177,-2.22589650537,-28.4783403572,-0.0239261219503,0.0,0.126827523078,-0.415607256371,899.508651804,0.268504776956,193,18.0
0.36000000000000004,0.00126897392489,0.286931050823,0.0,5.08013783756,6.27630800274,0.0,0.0123030496401,1.70524000778,-2.26133362663,-28.4903679768,-0.0217136415011,0.0,0.088652769205,0.603197615009,899.677610152,-0.422067410496,194,18.0
0.36000000000000004,0.00118780425796,0.287802795228,0.0,5.06091967734,6.27675405431,0.0,0.0115074685365,1.69757393933,-2.23307677849,-28.4818086965,-0.0202957200781,0.0,-0.236420961254,-0.314230062475,899.648072229,-0.380707778244,195,18.0
0.36000000000000004,0.00104367867816,0.289281556548,0.0,5.10254567659,6.27755799901,0.0,0.0100989870225,1.72477409851,-2.29035745309,-28.5144331596,-0.0177520262276,0.0,0.399265824479,0.309219704609,900.574991833,-0.0391937771668,196,18.0
0.36000000000000004,0.000869459221505,0.286495610796,0.0,5.03863860183,6.27851108952,0.0,0.00839927394478,1.68380554096,-2.19101643956,-28.496876382,-0.0147126984755,0.0,0.297562334631,-0.41324485789,900.287621685,0.903954532217,197,18.0
0.36000000000000004,0.000746577254252,0.29058377975,0.0,5.10253504603,6.27918421922,0.0,0.00719681041561,1.72731314979,-2.29915859405,-28.495018582,-0.0125796530727,0.0,0.0473096024969,0.148604447164,899.847921612,-0.132085471848,198,18.0
0.36000000000000004,0.000666217705667,0.287451263295,0.0,5.08214722871,6.27962134046,0.0,0.00641720342471,1.70762105059,-2.26467403275,-28.4934474551,-0.0111900659781,0.0,-0.126325862927,0.624800283011,899.866218151,-0.121821381394,199,18.0
0.36000000000000004,0.000577677778783,0.284484555047,0.0,5.06019561271,6.28009927673,0.0,0.00555946097962,1.68705348219,-2.23010926655,-28.4854906665,-0.00968838371366,0.0,0.125726381172,0.154060959489,899.63656465,-0.356671484259,200,18.0
